---
DNK: 0.6668976316775661
FRA: 0.6625588739689334
KOR: 0.7712125589906578
NLD: 0.6949031445848838
NOR: 0.6955887465659576
CHN: 0.835934747375097
