---
DNK: 0.6596819306118663
FRA: 0.660887264121787
KOR: 0.7667387240009347
NLD: 0.6892104207427069
NZL: 0.7137176938369783
NOR: 0.6895268800068649
CHN: 0.8364564190076137
