---
DNK: 0.6571128340210473
FRA: 0.6589279176019232
KOR: 0.7743147690844671
NLD: 0.6825773580153827
NZL: 0.7135826771653541
NOR: 0.685446575342466
CHN: 0.8388925635453086
