---
DNK: 0.6560911238043251
FRA: 0.657430899339934
KOR: 0.7883118099542213
NLD: 0.6760129375689377
NZL: 0.709450235790519
NOR: 0.6847000877651539
CHN: 0.8439303817867502
