---
DNK: 0.6536410100646688
FRA: 0.6490400132592443
KOR: 0.7869899116548021
NLD: 0.6831544551055039
NZL: 0.7020933977455718
NOR: 0.6885275130648633
CHN: 0.8423181363441474
