---
DNK: 0.6492899384713152
FIN: 0.7267556421044039
FRA: 0.6437934724451578
KOR: 0.7852681075834078
NLD: 0.6614815677666306
NZL: 0.6901622213375795
NOR: 0.6861772713959771
CHN: 0.84662163980303
