---
AUT: 0.7198755031307957
DNK: 0.6426153244931743
FIN: 0.7184075691454972
FRA: 0.6400122931105132
KOR: 0.7817937252669563
NLD: 0.6586868764211075
NZL: 0.6992352749755938
NOR: 0.6805396023176865
CHN: 0.8430867814990276
