---
AUT: 0.7118537473837045
DNK: 0.6426968906381327
FIN: 0.7126761411094031
FRA: 0.6384575929083649
KOR: 0.7758675666573516
NLD: 0.6491940722337841
NZL: 0.6924323156682027
NOR: 0.6765045621242683
CHN: 0.8387216924910607
