---
AUT: 0.7090439293841484
DNK: 0.6359427183327675
FIN: 0.7136776706546457
FRA: 0.6376422485571744
KOR: 0.774225659889222
NLD: 0.6409875417744393
NZL: 0.6902405194968948
NOR: 0.6733507045722655
CHN: 0.8392786799142118
