---
AUT: 0.7070791123422775
DNK: 0.6295573219858516
FIN: 0.7187008231549461
FRA: 0.6359364722794926
KOR: 0.7723944640518978
NLD: 0.6394542412788186
NZL: 0.6960521272518208
NOR: 0.6793490075614368
CHN: 0.8477969559391186
