---
AUT: 0.7048542533066109
DNK: 0.6325515797806476
FIN: 0.7204361844055737
FRA: 0.6315577984865565
KOR: 0.7451302628138073
NLD: 0.6395699093792786
NZL: 0.6931693670590978
NOR: 0.6837794410771673
SWE: 0.6640882681413153
CHN: 0.8446937863209653
