---
AUT: 0.6977738364586695
DNK: 0.6290317792751458
FIN: 0.7127396362444699
FRA: 0.6259436122349745
KOR: 0.748901672069635
NLD: 0.6411250225558589
NZL: 0.6939857366233171
NOR: 0.6807059918732937
SWE: 0.6545907890681311
CHN: 0.8436977156393394
