---
AUT: 0.6894678704503294
DNK: 0.6292764898312259
FIN: 0.7067424917142396
FRA: 0.6248991496588111
KOR: 0.7464460160982359
NLD: 0.635046163149045
NZL: 0.691301799916283
NOR: 0.6742693133517372
SWE: 0.6517787183756624
CHN: 0.8367556780964859
