---
AUT: 0.6848517170351123
DNK: 0.6285857529431396
FIN: 0.703520344850108
FRA: 0.6216624873997182
KOR: 0.7447779240490938
NLD: 0.6289960650255598
NZL: 0.6864256387890457
NOR: 0.6729662211936168
SWE: 0.6526957576574045
CHN: 0.8317191938320033
