---
AUT: 0.6768912386977324
DNK: 0.6329731823504634
FIN: 0.7012199405249726
FRA: 0.618002286285008
KOR: 0.747718573424874
NLD: 0.6365090467243271
NZL: 0.6845325961512655
NOR: 0.6778396246254142
SWE: 0.6604176868882811
CHN: 0.8214987647543233
