---
AUT: 0.675963068322729
DNK: 0.6343278849504932
FIN: 0.6940032814661505
FRA: 0.615637313063506
KOR: 0.7375330425517124
NLD: 0.6361935369978857
NZL: 0.6645247332686711
NOR: 0.6745169796397256
SWE: 0.6635478483402469
CHN: 0.8116777436946149
