---
AUT: 0.6744549427016522
DNK: 0.6332476687258896
FIN: 0.6843753433688604
FRA: 0.6115635311040993
KOR: 0.7379052645410213
NLD: 0.6294561221925593
NZL: 0.6509100694784224
NOR: 0.6521813009981274
SWE: 0.658012446513717
CHN: 0.8026495980946712
