---
AUT: 0.6697568842693922
DNK: 0.6269019421616768
FIN: 0.6826918646972644
FRA: 0.6071731775484901
KOR: 0.7382170356685165
NLD: 0.6242735331997074
NZL: 0.6361149233515427
NOR: 0.6445983732092778
SWE: 0.655827250102312
CHN: 0.7984824266011286
