---
AUT: 0.6685384935847624
DNK: 0.6203008666693565
FIN: 0.682983383247194
FRA: 0.6044555032852532
KOR: 0.7361256478480726
NLD: 0.6230300724822219
NZL: 0.6269442884977379
NOR: 0.6384327708581218
SWE: 0.6533510635276912
CHN: 0.7961841780784001
