---
AUS: 0.6160831195852989
AUT: 0.6660528071798065
DNK: 0.6168341306759044
FIN: 0.6818795180722893
FRA: 0.6009261778266218
KOR: 0.7242317341984108
NLD: 0.6237969457299356
NZL: 0.6274494285985628
NOR: 0.6392782167878912
SWE: 0.6503173315693872
CHN: 0.7759746533053461
