---
AUS: 0.6046106205507601
AUT: 0.6677219370263674
DNK: 0.6160957807043679
FIN: 0.6700260528540346
FRA: 0.6019754501346063
ITA: 0.643213347053492
KOR: 0.7153989747525029
NLD: 0.6236726159833754
NZL: 0.6179505104902085
NOR: 0.6393871167979586
SWE: 0.6394095245251603
CHE: 0.7932195505885016
GBR: 0.5895738527861581
CHN: 0.776131921758743
