---
AUS: 0.5999589768717871
AUT: 0.6654644314262228
DNK: 0.6138958458208102
FIN: 0.6467811622380645
FRA: 0.5982162324101225
DEU: 0.6463678147787667
ITA: 0.6386692803303309
KOR: 0.7102515564274983
NLD: 0.6183260323694001
NZL: 0.6128153769115212
NOR: 0.6360859344147173
SWE: 0.6262906925030317
CHE: 0.788225408723702
GBR: 0.5858623289497474
CHN: 0.7750882637952416
CRI: 0.7057783893471442
