---
AUS: 0.5997787230385839
AUT: 0.6585968156236753
DNK: 0.6130808758559707
FIN: 0.6405531967577253
FRA: 0.5945253448906889
DEU: 0.6352158229061139
ITA: 0.6353563250172385
KOR: 0.6984718922607
NLD: 0.61134159002685
NZL: 0.614614655693426
NOR: 0.6300971853220291
SWE: 0.614743946524625
CHE: 0.7805609309465434
GBR: 0.5819521764174033
CHN: 0.7682206029152966
CRI: 0.710242671630286
