---
AUS: 0.6005926748199331
AUT: 0.6482740104394465
CZE: 0.6833622584732989
DNK: 0.6044233472182123
FIN: 0.6445422145402859
FRA: 0.5868123688669904
DEU: 0.6192592708742717
ITA: 0.6315367341904011
KOR: 0.6933284496242523
MEX: 0.6628773992593512
NLD: 0.6057040057915336
NZL: 0.6204422072924684
NOR: 0.6303010805807041
SWE: 0.6082302479941027
CHE: 0.7636249276661545
GBR: 0.5744580935985655
CHN: 0.770601778342331
ZAF: 0.6414373096182039
CRI: 0.7013496551203032
