---
AUS: 0.5998161018423648
AUT: 0.6481354133675737
CZE: 0.6849245847323162
DNK: 0.6051002786083103
FIN: 0.6526753544129038
FRA: 0.5836957017092703
DEU: 0.6182761785897584
ITA: 0.6328881913188964
JPN: 0.6578163500612952
KOR: 0.6902112074663457
MEX: 0.6571132802124494
NLD: 0.6014391625535559
NZL: 0.6216356944651069
NOR: 0.6318279875967739
SWE: 0.6155566536849345
CHE: 0.7733962932010404
GBR: 0.5772903568205828
CHN: 0.7699462781265148
ZAF: 0.6401492630603453
CRI: 0.6935863893121241
