---
AUS: 0.5987104002288386
AUT: 0.646860109513134
BEL: 0.6135949699812154
CZE: 0.6913255669913899
DNK: 0.611169715395703
FIN: 0.6572885441453691
FRA: 0.5855888418976112
DEU: 0.6149131253123727
GRC: 0.6233818290131602
HUN: 0.6543966781493908
ISL: 0.6432936234876433
IRL: 0.6399303775967536
ITA: 0.6329092548595844
JPN: 0.6576217160509286
KOR: 0.6884823795794106
LUX: 0.5321178764039354
MEX: 0.66347579300422
NLD: 0.5996686794894021
NZL: 0.6154260466305161
NOR: 0.6384878733022454
POL: 0.7156084851757205
PRT: 0.6395130407812925
SVK: 0.6192943930266651
ESP: 0.6573362466705327
SWE: 0.6278226235269693
CHE: 0.6367172217722622
GBR: 0.5756912084817566
CHN: 0.7723835339745044
EST: 0.6446577978644834
SVN: 0.6612882812865987
ZAF: 0.6365416666267164
EA: 0.6166296409750959
EU: 0.6195649641112543
ISR: 0.5869393657217238
BRA: 0.6849456248227339
LVA: 0.6799095966983033
CRI: 0.6923395475189094
LTU: 0.6986212796514165
