---
AUS: 0.5923742932691274
AUT: 0.6449355686997139
BEL: 0.6103316239222634
CZE: 0.6945278480577646
DNK: 0.6125121393588981
FIN: 0.6512779122948616
FRA: 0.5802611345323093
DEU: 0.6082595665148983
GRC: 0.615960220752498
HUN: 0.6460123498263757
ISL: 0.6381550330582434
IRL: 0.6403842613849304
ITA: 0.6281579130588447
JPN: 0.6537151887429288
KOR: 0.6756288301781918
LUX: 0.5224265592505118
MEX: 0.6800649739244312
NLD: 0.5927873682256424
NZL: 0.604467942945124
NOR: 0.6448006451080045
POL: 0.7061599628233594
PRT: 0.6436699492466912
SVK: 0.6277052048476571
ESP: 0.6563866398846935
SWE: 0.6188115284280833
CHE: 0.6278865545854784
GBR: 0.5751280008154102
CHL: 0.6589859331384607
CHN: 0.7735053453302819
EST: 0.6449345403102072
SVN: 0.6599939758730943
ZAF: 0.6295282565739396
EA: 0.6121217932319251
EU: 0.6154041592040586
ISR: 0.585958339882689
BRA: 0.6446941251215064
LVA: 0.6880745000804273
CRI: 0.6849627005647125
LTU: 0.6990759472250622
