---
AUS: 0.589135512127198
AUT: 0.6445056127265912
BEL: 0.6116141109096837
CZE: 0.6919314560374173
DNK: 0.6142243460606278
FIN: 0.6540530647558621
FRA: 0.5800297462161733
DEU: 0.607039699743167
GRC: 0.6087055747469151
HUN: 0.6565110018719063
ISL: 0.6513063433367783
IRL: 0.6446310893295434
ITA: 0.6255838430267933
JPN: 0.650691767649903
KOR: 0.6679641727216951
LUX: 0.5185329021826132
MEX: 0.6846534298704325
NLD: 0.5885761390262326
NZL: 0.5990463260927862
NOR: 0.6445738091399547
POL: 0.6923802471107693
PRT: 0.642108810905692
SVK: 0.6260441580540972
ESP: 0.6554209777303529
SWE: 0.6179254559041388
CHE: 0.6001345669543349
GBR: 0.5715725472437899
CHL: 0.6537469347748452
CHN: 0.7656865896206861
EST: 0.6405264700146911
SVN: 0.6686400653140174
ZAF: 0.6223136534991026
EA: 0.6111495943209757
EU: 0.614726330468901
USA: 0.567379775556432
ISR: 0.5834966641506965
CAN: 0.6049369146308305
BRA: 0.63741277322417
LVA: 0.6866538651266263
CRI: 0.6847792926565582
LTU: 0.6984252294921633
