---
AUS: 0.5847755888158525
AUT: 0.6433461167929332
BEL: 0.6078330899402928
CZE: 0.6835846626209683
DNK: 0.6108302927996322
FIN: 0.6590694366841064
FRA: 0.5801002723986799
DEU: 0.6068811700077492
GRC: 0.6046937732911136
HUN: 0.6570073319113128
ISL: 0.6432369997983669
IRL: 0.644563463281383
ITA: 0.6241035943345197
JPN: 0.6453618737940268
KOR: 0.6623584932303009
LUX: 0.5228602890341432
MEX: 0.6805129261392127
NLD: 0.5858302636028211
NZL: 0.5933146192722192
NOR: 0.6306490060885094
POL: 0.6830691585430383
PRT: 0.6387148030064463
SVK: 0.6404197224716778
ESP: 0.6536110851164756
SWE: 0.6184462533083942
CHE: 0.5954899808963945
TUR: 0.7303805866719789
GBR: 0.5677675601482703
CHL: 0.6474553403179697
CHN: 0.75573711505317
EST: 0.6348159951219443
SVN: 0.6680037761489378
ZAF: 0.6161146673208725
EA: 0.6103778168631592
EU: 0.6137178869117853
USA: 0.5644048169079328
ISR: 0.5797932748906787
CAN: 0.6012926662173401
BRA: 0.6212880452058115
LVA: 0.6626506340364591
CRI: 0.680982232112311
LTU: 0.6886710024704186
