---
AUS: 0.581533286756603
AUT: 0.6431335702937595
BEL: 0.6004023354740063
CZE: 0.6789526385867455
DNK: 0.6104047385985363
FIN: 0.6564451468660858
FRA: 0.5767153763112434
DEU: 0.6009862693834516
GRC: 0.6103152500158394
HUN: 0.6475873948699702
ISL: 0.6280097942736732
IRL: 0.6405356480572052
ITA: 0.6174199274121149
JPN: 0.6413047213267211
KOR: 0.6684050001243718
LUX: 0.5039948479844029
MEX: 0.6782965911580944
NLD: 0.5791489493864597
NZL: 0.5944631201212661
NOR: 0.6321628442142597
POL: 0.6761163226492923
PRT: 0.6327050849124268
SVK: 0.6442144395761412
ESP: 0.6529986852341606
SWE: 0.613669805305131
CHE: 0.5934812320409838
TUR: 0.6895509867857161
GBR: 0.5653587378643521
CHL: 0.6434307208241699
CHN: 0.7493073143450646
EST: 0.6183190282708877
SVN: 0.6616631252134031
ZAF: 0.6088014857893717
EA: 0.605777079892572
EU: 0.6089801232026895
USA: 0.5602920853030304
ISR: 0.5755136307807865
CAN: 0.6068653494983886
BRA: 0.6407420868044031
LVA: 0.6503141681996646
CRI: 0.6684958381546843
LTU: 0.6717637864044618
