---
AUS: 0.5766209314312243
AUT: 0.642060747334815
BEL: 0.5995187065272382
CZE: 0.6807768196207048
DNK: 0.6110380160888029
FIN: 0.6612914716739172
FRA: 0.5735043853907581
DEU: 0.603992960467202
GRC: 0.6115055490112126
HUN: 0.6439607287990362
ISL: 0.616734526356033
IRL: 0.6396424475268125
ITA: 0.613379753852073
JPN: 0.636632397341619
KOR: 0.6721265039114968
LUX: 0.4978372037335178
MEX: 0.6784953646244417
NLD: 0.5782419373220868
NZL: 0.5993543460489795
NOR: 0.654809181951632
POL: 0.6627730330503581
PRT: 0.6291208459377009
SVK: 0.6498901803939761
ESP: 0.6507595975042588
SWE: 0.6130452685878437
CHE: 0.5884020761491294
TUR: 0.6889101970042159
GBR: 0.5630314462767873
CHL: 0.6473994531584366
CHN: 0.7439529380128318
EST: 0.6318421738889458
SVN: 0.6552848087771136
ZAF: 0.6130963004758301
EA: 0.6052010211952342
EU: 0.6083716822755595
USA: 0.5587962056642177
ISR: 0.5731445955002166
CAN: 0.6116279511852792
BRA: 0.5791098028976723
LVA: 0.6443970592001733
CRI: 0.656497646660706
LTU: 0.6746470113564292
