---
AUS: 0.5775878654824869
AUT: 0.6403728769493428
BEL: 0.5953738205347779
CZE: 0.6811985092080551
DNK: 0.6068449383894277
FIN: 0.6547165644376292
FRA: 0.5715849916557773
DEU: 0.6009892303042648
GRC: 0.6131413290669112
HUN: 0.6428264751990276
ISL: 0.6230539206761426
IRL: 0.6479512861619665
ITA: 0.6097815988780863
JPN: 0.6276336151860584
KOR: 0.6587992384758627
LUX: 0.4990639384342807
MEX: 0.6678579183073217
NLD: 0.5806743712198298
NZL: 0.5996072481398962
NOR: 0.6469963018717477
POL: 0.6548508820792637
PRT: 0.6254983199894139
SVK: 0.6545138988880544
ESP: 0.6474171631793716
SWE: 0.6094041520842219
CHE: 0.5945171869599702
TUR: 0.6722831125791059
GBR: 0.5574255643719788
CHL: 0.6453279241561776
CHN: 0.7371598228843919
EST: 0.6344851929761366
SVN: 0.655266404526694
ZAF: 0.61299288348309
EA: 0.6031281087478785
EU: 0.6064167595098894
USA: 0.5489387210927281
ISR: 0.5617990715126461
CAN: 0.6040676960375445
BRA: 0.5816510425234553
LVA: 0.6422170759147164
CRI: 0.6487551609643657
LTU: 0.678005881871037
