---
AUS: 0.5768178274535519
AUT: 0.6351117498440375
BEL: 0.595674631017517
CZE: 0.6735729688882334
DNK: 0.6040112150049726
FIN: 0.6497208136288531
FRA: 0.5691776689139314
DEU: 0.5952134146501522
GRC: 0.6047003125464846
HUN: 0.6362867383640151
ISL: 0.6076739635438169
IRL: 0.6572725308069126
ITA: 0.6051145594862055
JPN: 0.6219884068855672
KOR: 0.6512348561028232
LUX: 0.4992904798230454
MEX: 0.6618449222419944
NLD: 0.5764125077675478
NZL: 0.5932134008402458
NOR: 0.63386266136403
POL: 0.6505049457063211
PRT: 0.6207667239441811
SVK: 0.637544311871389
ESP: 0.6427127552051748
SWE: 0.6082405390475873
CHE: 0.599757418324803
TUR: 0.6864405929942408
GBR: 0.5546958266905364
CHL: 0.6444144332038589
CHN: 0.7320355232008878
EST: 0.6343557811193513
SVN: 0.6525162710727773
ZAF: 0.611325174847435
EA: 0.5991767481388574
EU: 0.6025981868185024
USA: 0.5430955836303614
ISR: 0.5570076114862702
CAN: 0.6001392799889673
BRA: 0.579605745863525
LVA: 0.6401095964982845
CRI: 0.6437328305873171
LTU: 0.6742633460010298
