---
AUS: 0.5776620777437236
AUT: 0.6335857087750981
BEL: 0.5959349669544579
CZE: 0.6659447977963697
DNK: 0.5982064718161628
FIN: 0.6449559707085973
FRA: 0.5661955207295976
DEU: 0.5949574742930136
GRC: 0.6108489749224643
HUN: 0.6309442539219954
ISL: 0.5935321937949035
IRL: 0.635238401549662
ITA: 0.5975651373974997
JPN: 0.6201556859868527
KOR: 0.6487299358767231
LUX: 0.49836583598296147
MEX: 0.6518473237867807
NLD: 0.571225272705983
NZL: 0.5883301122081318
NOR: 0.6287413944716702
POL: 0.6533364923788634
PRT: 0.612959862699022
SVK: 0.650303984716127
ESP: 0.6386896593325387
SWE: 0.6055217210944842
CHE: 0.5969701788460995
TUR: 0.6891098371623852
GBR: 0.5502228629031127
CHL: 0.6510271274066486
CHN: 0.7319302679574452
EST: 0.6382879456699116
SVN: 0.6505604587555947
ZAF: 0.6000695651953359
EA: 0.5961226520574437
EU: 0.5995155046635297
USA: 0.5442966090222426
ISR: 0.5580388049714627
CAN: 0.5986436936265147
BRA: 0.5979139886488802
LVA: 0.6300617942907258
CRI: 0.6419697302783438
LTU: 0.6791637982803892
