---
AUS: 0.5760030459925349
AUT: 0.6323470350811501
BEL: 0.5946432179802231
CZE: 0.6718109502395012
DNK: 0.5974395009628795
FIN: 0.6411591059242261
FRA: 0.5623438568907062
DEU: 0.5949530783476563
GRC: 0.6038726007440287
HUN: 0.6382898422140385
ISL: 0.5868809989165545
IRL: 0.6229406479059757
ITA: 0.5969221336296411
JPN: 0.6217132360933199
KOR: 0.6589534265280197
LUX: 0.48950922012242526
MEX: 0.6586118846119311
NLD: 0.5704905865457278
NZL: 0.5871639005481865
NOR: 0.6337853607093826
POL: 0.6623722010493053
PRT: 0.6095079117475792
SVK: 0.6559322518793962
ESP: 0.6344856881730774
SWE: 0.6019235749350114
CHE: 0.597531207041154
TUR: 0.6891709665783743
GBR: 0.5448640264138073
CHL: 0.6588469579531102
CHN: 0.7361570081936446
EST: 0.6348451668828753
SVN: 0.649968750329111
ZAF: 0.5956809570736049
EA: 0.5942891425534533
EU: 0.5982215080777195
USA: 0.5455644618341525
ISR: 0.5584395668341593
CAN: 0.599310528940134
BRA: 0.6071780121145582
LVA: 0.6325233107405767
CRI: 0.641643523033039
LTU: 0.6862995886428546
