---
AUS: 0.576078845613389
AUT: 0.6296023420789454
BEL: 0.5917310395575985
CZE: 0.6690045752150277
DNK: 0.59386712266287
FIN: 0.6403056986210337
FRA: 0.5573366196131153
DEU: 0.5948516095176197
GRC: 0.591975861050389
HUN: 0.6340745426490775
ISL: 0.5713319462998374
IRL: 0.6125567967068584
ITA: 0.5932965736545637
JPN: 0.6201623719557835
KOR: 0.652350420954071
LUX: 0.4768552783391417
MEX: 0.6543257302218924
NLD: 0.571008502891805
NZL: 0.5835216990107225
NOR: 0.6452069741313052
POL: 0.6613888594819676
PRT: 0.6030421469617381
SVK: 0.6631294807049983
ESP: 0.6299866408773304
SWE: 0.5991013799062519
CHE: 0.5990830441155114
TUR: 0.6856406640337555
GBR: 0.540358690641624
CHL: 0.6592516726554981
CHN: 0.734287276787237
EST: 0.6328697673730936
SVN: 0.6471909313291504
ZAF: 0.5905786863090288
EA: 0.5914845607069378
EU: 0.5958619063123831
USA: 0.5441876900653532
ISR: 0.5574891344835893
CAN: 0.5997941021300183
BRA: 0.6025657463957695
LVA: 0.6238719647206926
CRI: 0.6367746375685637
LTU: 0.6868629856059962
COL: 0.6510848967741221
