---
AUS: 0.5709761509612362
AUT: 0.6304452199450267
BEL: 0.5867448797243168
CZE: 0.6718302661665454
DNK: 0.5964982678933196
FIN: 0.6425162268943136
FRA: 0.5513837232216106
DEU: 0.5983998409923698
GRC: 0.5953619899351499
HUN: 0.6331260545690455
ISL: 0.5700060293863618
IRL: 0.611072114868
ITA: 0.5936135465780776
JPN: 0.6175764942666282
KOR: 0.6470383710408716
LUX: 0.4625047235233206
MEX: 0.6608253337379413
NLD: 0.5692664566005787
NZL: 0.5780022235525527
NOR: 0.6547997631337211
POL: 0.6633587656991234
PRT: 0.5996832121451613
SVK: 0.6662668830099253
ESP: 0.6242624610420293
SWE: 0.6002053635337183
CHE: 0.6003000178593608
TUR: 0.6850359809838426
GBR: 0.5398719609810201
CHL: 0.670441314532993
CHN: 0.7288234040474614
EST: 0.63569899770943
SVN: 0.6470820734649947
ZAF: 0.5798053746763884
EA: 0.5905307668415409
EU: 0.5955119448752033
USA: 0.5453942840125954
ISR: 0.5579901543758364
CAN: 0.5951204585514852
BRA: 0.59934914044674
LVA: 0.611751942476089
CRI: 0.6316360186946496
LTU: 0.6814559018196699
COL: 0.6537290840721882
