---
AUS: 0.569576042125803
AUT: 0.6324622471288368
BEL: 0.586904754582675
CZE: 0.668261847375441
DNK: 0.5946345317520622
FIN: 0.644537200954995
FRA: 0.549639189702691
DEU: 0.6004834290940546
GRC: 0.5858901758527091
HUN: 0.632850312667835
ISL: 0.549833292545847
IRL: 0.6007622542364847
ITA: 0.5946844002817777
JPN: 0.6166118732011673
KOR: 0.645718489806484
LUX: 0.4633823427676294
MEX: 0.6573331887522612
NLD: 0.5670839829795111
NZL: 0.5810188798246758
NOR: 0.6418075265283584
POL: 0.6628647675159304
PRT: 0.595618941120444
SVK: 0.6643047973467335
ESP: 0.6160026505190975
SWE: 0.6020650423809562
CHE: 0.5994769072727634
TUR: 0.6757313875869699
GBR: 0.5324329739575828
CHL: 0.6576829720599566
CHN: 0.717987236593562
EST: 0.6326840622585965
SVN: 0.6513277473992917
ZAF: 0.5791497471094321
EA: 0.5896103654747709
EU: 0.5949281635283441
USA: 0.5425382886288236
ISR: 0.5576923452072936
CAN: 0.5918204276042356
BRA: 0.6005627959372308
LVA: 0.6035879767559471
CRI: 0.6301161701862056
LTU: 0.6735039604921921
COL: 0.6523976308862242
