---
AUS: 0.5690169012886164
AUT: 0.6282890897760974
BEL: 0.582265611794754
CZE: 0.6594460710830939
DNK: 0.588972148852406
FIN: 0.6353310393665909
FRA: 0.547300079986525
DEU: 0.5983369364590172
GRC: 0.5777825158429243
HUN: 0.6269750615581178
ISL: 0.5764953653572081
IRL: 0.5848029679638767
ITA: 0.591693622510683
JPN: 0.6131423220907133
KOR: 0.6420049584881553
LUX: 0.4583833144720822
MEX: 0.6576576810245978
NLD: 0.5652594765885575
NZL: 0.5734670969552409
NOR: 0.6513084158203039
POL: 0.6592914283482367
PRT: 0.588053305025729
SVK: 0.6575445016682475
ESP: 0.6107568373176645
SWE: 0.5945885795789886
CHE: 0.6041434251987388
TUR: 0.6710566787860389
GBR: 0.5328405610770298
CHL: 0.6303030640946341
CHN: 0.7202095924644747
EST: 0.6191738023858939
SVN: 0.643831714015884
ZAF: 0.5913716163149809
EA: 0.5861447101604206
EU: 0.5919285445474357
USA: 0.5395998163757268
ISR: 0.5498183344113021
CAN: 0.5903117402988363
BRA: 0.6065485767400624
LVA: 0.5981736549377066
CRI: 0.6207041856293867
LTU: 0.6722653820447333
COL: 0.6526139252845894
