---
AUS: 0.5595153689624401
AUT: 0.622252298417321
BEL: 0.5714065923526999
CZE: 0.6456801184559794
DNK: 0.5697893463667034
FIN: 0.6068093411355282
FRA: 0.5441412013215292
DEU: 0.5849679160416931
GRC: 0.5640841862516802
HUN: 0.6137901620436644
ISL: 0.5611603469841075
IRL: 0.5904322093691613
ITA: 0.5794553497884779
JPN: 0.5997103238719337
KOR: 0.6423512153579507
LUX: 0.4438917384438433
MEX: 0.6424873544583222
NLD: 0.5566816213445134
NZL: 0.5648114032015932
NOR: 0.6199651647684526
POL: 0.6634076821783967
PRT: 0.5856417577743883
SVK: 0.6231056928054367
ESP: 0.5994740791896117
SWE: 0.5797505959183911
CHE: 0.5952886071660878
TUR: 0.6485044952255707
GBR: 0.526786899057645
CHL: 0.6231978922729889
CHN: 0.7066583665934344
EST: 0.5981385294681717
SVN: 0.6248971669360706
ZAF: 0.5861619476265217
EA: 0.5759365145821685
EU: 0.5813108756169899
USA: 0.5308704798636542
ISR: 0.5433942933038627
CAN: 0.5706097157044953
BRA: 0.5974330619013668
LVA: 0.607089774861185
CRI: 0.6062168496626369
LTU: 0.6521695981367321
COL: 0.6443922946492561
