---
AUS: 0.5632061044612411
AUT: 0.6226546053647456
BEL: 0.5731404152912446
CZE: 0.6476487836346649
DNK: 0.5731025900895899
FIN: 0.6103936439382605
FRA: 0.5413353285150946
DEU: 0.5968833816734884
GRC: 0.562771762609742
HUN: 0.6153353853252898
ISL: 0.5861626470678596
IRL: 0.5724817174326704
ITA: 0.5811221006110859
JPN: 0.6094762945800847
KOR: 0.6517889890965313
LUX: 0.4461117184094913
MEX: 0.6510307741224848
NLD: 0.5547792811717757
NZL: 0.5693612921041347
NOR: 0.6239157974785969
POL: 0.6625758900557233
PRT: 0.5872817101059908
SVK: 0.6331273796239354
ESP: 0.5976480517731024
SWE: 0.5890166751344866
CHE: 0.5987604954343125
TUR: 0.6603007923473866
GBR: 0.5313383907767859
CHL: 0.6326071186570607
CHN: 0.7071342360797328
EST: 0.6117153540012517
IDN: 0.7721916116792825
SVN: 0.6216439639764245
ZAF: 0.5876640342471792
EA: 0.578256279518712
EU: 0.5836862839381999
USA: 0.532315780299871
ISR: 0.5444067712388067
CAN: 0.5750438545655355
BRA: 0.6089551556327081
LVA: 0.6177586892170461
CRI: 0.6037663864333298
LTU: 0.6699135650528073
COL: 0.6409975351602147
