---
AUS: 0.5612555764346384
AUT: 0.6221670456562087
BEL: 0.570275361411169
CZE: 0.6542024099885527
DNK: 0.5756498645977632
FIN: 0.605320589654582
FRA: 0.542403617772937
DEU: 0.5993199432529702
GRC: 0.5575563878642646
HUN: 0.6210163538191318
ISL: 0.5964018606928618
IRL: 0.5853495880681231
ITA: 0.5814120135107251
JPN: 0.6020871418870244
KOR: 0.6531956237084273
LUX: 0.45606592910920185
MEX: 0.6579394805749917
NLD: 0.5567780467298715
NZL: 0.5677716348992986
NOR: 0.6305335658192245
POL: 0.6661820108809147
PRT: 0.5853077580242876
SVK: 0.6396375329299835
ESP: 0.5928966965296307
SWE: 0.5864239585219514
CHE: 0.5978813792121157
TUR: 0.674899159732778
GBR: 0.5287126629086315
CHL: 0.6260051998043579
CHN: 0.7065023667072255
EST: 0.6253919308131598
IND: 0.7012765111304665
IDN: 0.774033539086222
RUS: 0.6481642482552078
SVN: 0.6276241751201018
ZAF: 0.583959995103852
EA: 0.5791253228018157
EU: 0.5848278650436738
USA: 0.532964787219462
ISR: 0.5434651109029843
CAN: 0.5788014508805333
BRA: 0.6089056464238091
LVA: 0.6100209795674986
CRI: 0.5963220400967336
LTU: 0.6859683492883021
COL: 0.6472636149144597
