---
AUS: 0.5549195415856407
AUT: 0.6228338722524793
BEL: 0.5650235294099778
CZE: 0.6520262550753417
DNK: 0.5781920564057047
FIN: 0.5945079140235265
FRA: 0.5421337511893363
DEU: 0.5991950599333837
GRC: 0.5575307771289885
HUN: 0.6237201500963231
ISL: 0.5817664833553433
IRL: 0.5802705358940302
ITA: 0.5781367454136275
JPN: 0.6034895571154923
KOR: 0.6510780795237677
LUX: 0.44709555560386466
MEX: 0.662912651660584
NLD: 0.5579111975412491
NZL: 0.5636083979139919
NOR: 0.6256665274382661
POL: 0.6673430859275935
PRT: 0.5870019726845723
SVK: 0.6343027576291538
ESP: 0.5873961033346952
SWE: 0.581097238875561
CHE: 0.5941839667700484
TUR: 0.6712379986366787
GBR: 0.526410692578067
CHL: 0.6167411930412418
CHN: 0.7007541676523248
EST: 0.6211430825089768
IND: 0.6969701023567725
IDN: 0.7704121314265461
RUS: 0.641135253502967
SVN: 0.6317833439875928
ZAF: 0.5813189076485104
EA: 0.5774420077788226
EU: 0.5831212511601164
USA: 0.5307898593157881
ISR: 0.5424841485309331
CAN: 0.5776078355844946
BRA: 0.6019615360719681
LVA: 0.6050562803642996
CRI: 0.5875278135677862
LTU: 0.691544346897236
COL: 0.6429514334226197
