---
AUS: 0.5541524707585382
AUT: 0.6184380836548361
BEL: 0.5621310582287633
CZE: 0.6507958972908136
DNK: 0.5781981225745276
FIN: 0.5927919469612721
FRA: 0.5414735749652254
DEU: 0.5959800507766082
GRC: 0.5583894156483947
HUN: 0.6274510359503644
ISL: 0.5811415114823425
IRL: 0.5790887549501994
ITA: 0.5772863039876505
JPN: 0.6025464040981972
KOR: 0.6511094198930607
LUX: 0.4470816032016448
MEX: 0.654832009948327
NLD: 0.5566150285218301
NZL: 0.5654238898123959
NOR: 0.6198592680810365
POL: 0.661238491340061
PRT: 0.5882880580621855
SVK: 0.6182306526588939
ESP: 0.5858277172097737
SWE: 0.5740478073990799
CHE: 0.5924597399664105
TUR: 0.6734046697266068
GBR: 0.5270007872730144
CHL: 0.6109515675877208
CHN: 0.6923080556522653
EST: 0.6197516757486156
IND: 0.6915325979697597
IDN: 0.7669832036657784
RUS: 0.6342575173379417
SVN: 0.633857877866482
ZAF: 0.5808133911554249
EA: 0.5756270067308454
EU: 0.5809650820022588
USA: 0.5322286666794412
ISR: 0.5392245055062995
CAN: 0.5766687890336051
BRA: 0.5990272640236345
LVA: 0.5999863959563053
CRI: 0.580348768735255
LTU: 0.6841438277919719
COL: 0.6386685894950975
