---
AUS: 0.5461209039581364
AUT: 0.6177748644391008
BEL: 0.5597859785529241
CZE: 0.659359159440075
DNK: 0.5782831666606076
FIN: 0.5881093608242485
FRA: 0.5403466452124907
DEU: 0.5985579014565663
GRC: 0.5580750992957283
HUN: 0.6344309722547324
ISL: 0.576706022503013
IRL: 0.5748421819605761
ITA: 0.575805600156552
JPN: 0.6047466106526265
KOR: 0.6455580960662127
LUX: 0.44849692748548275
MEX: 0.6569177358395376
NLD: 0.5522418396303118
NZL: 0.5644290454094689
NOR: 0.6142312489439256
POL: 0.6612758518644851
PRT: 0.5887781196802435
SVK: 0.641770019961237
ESP: 0.5848022568109276
SWE: 0.571802646024234
CHE: 0.591262028706009
TUR: 0.6759215040124613
GBR: 0.524356661060716
CHL: 0.6148397123421019
CHN: 0.6861433025580335
EST: 0.6206815098359988
IND: 0.6851737418460451
IDN: 0.765836712167053
RUS: 0.6361871393954912
SVN: 0.63733210974658
ZAF: 0.5821845261571941
EA: 0.5755631286491764
EU: 0.5810908714284742
USA: 0.5308377931045906
ISR: 0.537123239397801
CAN: 0.5768451900927676
BRA: 0.5936814575552086
LVA: 0.5901855583877125
CRI: 0.5758023181446685
LTU: 0.683795796871191
COL: 0.6313692787679644
