---
AUS: 0.5408091987545363
AUT: 0.6165067733893277
BEL: 0.5584568574512906
CZE: 0.6612905529360387
DNK: 0.5769046846722936
FIN: 0.5870824932059261
FRA: 0.541266479802884
DEU: 0.5991808677000164
GRC: 0.5640644021612959
HUN: 0.6392739606173791
ISL: 0.5780722662493336
IRL: 0.6541191479401367
ITA: 0.5777605088582782
JPN: 0.6099800841436114
KOR: 0.645179505124135
LUX: 0.4463123118404196
MEX: 0.659516172842494
NLD: 0.5538436741826575
NZL: 0.5626860097473163
NOR: 0.6025539114656123
POL: 0.6658396118739018
PRT: 0.593266129375978
SVK: 0.6372637565448802
ESP: 0.5881333756006588
SWE: 0.573731519759483
CHE: 0.5879598133768823
TUR: 0.6756821328944979
GBR: 0.5220510855347362
CHL: 0.6128681282603627
CHN: 0.6711152550743206
EST: 0.6101713586623003
IND: 0.682354724144414
IDN: 0.7598992054838327
RUS: 0.6464607011557707
SVN: 0.6390560519164106
ZAF: 0.5808616697282697
EA: 0.5788371074322028
EU: 0.584226357266958
USA: 0.5276795317522763
ISR: 0.5360716518665457
CAN: 0.5681250769035114
BRA: 0.5856985541564133
LVA: 0.5927624129156993
CRI: 0.5712372444348177
LTU: 0.6756891881908518
COL: 0.6276707461015643
