---
AUS: 0.5445771166722715
AUT: 0.6177134745154815
BEL: 0.5563421603524534
CZE: 0.6586856700748555
DNK: 0.576231325211595
FIN: 0.586154926441624
FRA: 0.5386310370859426
DEU: 0.6027016249183619
GRC: 0.5618278498403032
HUN: 0.6314570192858194
ISL: 0.573047397444907
IRL: 0.6459291274702397
ITA: 0.5813737533833024
JPN: 0.6099223650121892
KOR: 0.6453224022547129
LUX: 0.4499600945123546
MEX: 0.6625092233103953
NLD: 0.5532018983279627
NZL: 0.5585392678927233
NOR: 0.5906270194674824
POL: 0.6640556105610561
PRT: 0.5920724807896236
SVK: 0.6233261041276524
ESP: 0.5893323991825122
SWE: 0.5730795531050393
CHE: 0.5883023520312863
TUR: 0.6701945629454304
GBR: 0.516898799961096
CHL: 0.6105552274223037
CHN: 0.6631254655653878
EST: 0.6081699105844057
IND: 0.6817271012000471
IDN: 0.756162895140692
RUS: 0.6376424669795476
SVN: 0.6403995595752627
ZAF: 0.5836164409648116
EA: 0.579678222227727
EU: 0.5847703217102713
USA: 0.5222711444112232
ISR: 0.5293233762500374
CAN: 0.5644148257557101
BRA: 0.5810471673380554
LVA: 0.5866298214348439
CRI: 0.5696422575691082
LTU: 0.6693753521428059
COL: 0.630073804067344
