---
AUS: 0.5448558825776149
AUT: 0.6154622090836175
BEL: 0.553049654227151
CZE: 0.6559184394412284
DNK: 0.579282232203568
FIN: 0.5902302971912171
FRA: 0.5381152611290652
DEU: 0.6027141722003948
GRC: 0.5649514987535333
HUN: 0.625874298963669
ISL: 0.5689114382145047
IRL: 0.6384922000615557
ITA: 0.5838646039322306
JPN: 0.6125563849017212
KOR: 0.647600598609585
LUX: 0.4444690796109781
MEX: 0.6688032687526191
NLD: 0.5542757011384996
NZL: 0.5607099143206852
NOR: 0.5962887892244044
POL: 0.6598495445693668
PRT: 0.591588765681735
SVK: 0.6207955231850114
ESP: 0.5902365394071812
SWE: 0.574315079635753
CHE: 0.5893169846375079
TUR: 0.678990961038264
GBR: 0.5186368061164177
CHL: 0.6110371251505271
CHN: 0.6615181882380197
EST: 0.6057534202863193
IND: 0.6773338745924944
IDN: 0.7545610688162667
RUS: 0.641667214681772
SVN: 0.6423509789266436
ZAF: 0.5845173668625859
EA: 0.5800451317606163
EU: 0.5851824144279257
USA: 0.5220960006090692
ISR: 0.5257387447721564
CAN: 0.5673678220010006
BRA: 0.5811174898283208
LVA: 0.5918507687041111
CRI: 0.5670827553948744
LTU: 0.6718631611621213
COL: 0.6236942596363774
