---
AUS: 0.5480853849704324
AUT: 0.6153919745147873
BEL: 0.5506414288542472
CZE: 0.6457471730204862
DNK: 0.5776449785381277
FIN: 0.5859437065789405
FRA: 0.5362173859376302
DEU: 0.6001711557051583
GRC: 0.5683415267514974
HUN: 0.6234407521732912
ISL: 0.567928002817937
IRL: 0.6315365762041734
ITA: 0.5841187755456251
JPN: 0.6121362702524592
KOR: 0.6418382335156794
LUX: 0.44706729444298554
MEX: 0.6710783056507533
NLD: 0.5535680607155435
NZL: 0.5592714301325382
NOR: 0.6010504484934737
POL: 0.6594429851148379
PRT: 0.590215945294274
SVK: 0.6235619347397211
ESP: 0.5876572159245081
SWE: 0.5705164331951051
CHE: 0.5888866524430869
TUR: 0.6857024781565221
GBR: 0.5182562772701524
CHL: 0.6081709697763839
CHN: 0.6583105683237238
EST: 0.6051915854886444
IDN: 0.7547605746808214
RUS: 0.6522275026512219
SVN: 0.6436839548220198
ZAF: 0.5830676795251076
EA: 0.5785003132289865
EU: 0.5836080604918019
USA: 0.5221389959695811
ISR: 0.5257043006799267
BRA: 0.5835011462338691
LVA: 0.59041859207466
CRI: 0.5667801443843383
LTU: 0.6654301732980498
COL: 0.6223230842332778
