---
AUS: 0.5475015676205575
AUT: 0.611519187455647
BEL: 0.5507886159105609
CZE: 0.6424736897514516
DNK: 0.5820048609789685
FIN: 0.5846695836901985
FRA: 0.5376243255888903
DEU: 0.5985749948880885
GRC: 0.570349380750119
HUN: 0.6159308423163433
ISL: 0.5653668601591705
IRL: 0.6194780430762251
ITA: 0.5856909914348671
JPN: 0.6103297615048799
KOR: 0.6324936148712957
LUX: 0.4503822650308757
MEX: 0.6694251400202922
NLD: 0.5536874443964264
NOR: 0.5891196534446077
POL: 0.6528378233648839
PRT: 0.5860529564629088
SVK: 0.6305480396370294
ESP: 0.5870336101600541
SWE: 0.5680768054517278
CHE: 0.5881218356153595
TUR: 0.6783709794482957
GBR: 0.5214548300263574
CHL: 0.6050479228929652
CHN: 0.655102689516951
EST: 0.5951331939825322
IDN: 0.7497739985799485
RUS: 0.6489654995933127
SVN: 0.6457290960447875
ZAF: 0.5831116101835343
EA: 0.5780339681412449
EU: 0.5828860928524391
USA: 0.5195198805654847
ISR: 0.5211435881249136
LVA: 0.5888892947385577
CRI: 0.5608080347019749
LTU: 0.6622761122459132
COL: 0.6201709983209637
