---
AUT: 0.604102452006235
BEL: 0.5465925185635894
CZE: 0.6328080701529807
DNK: 0.5799487022337185
FIN: 0.5795461425273559
FRA: 0.5263663768901874
DEU: 0.5912624906437206
GRC: 0.5698681728595032
HUN: 0.612321777845816
ISL: 0.5560328288066984
IRL: 0.6265553374179652
ITA: 0.5790866941156257
KOR: 0.6267909420246205
LUX: 0.4459563980789944
NLD: 0.5519315449489265
NOR: 0.5756098739346325
POL: 0.6468899254771507
PRT: 0.5737579409526316
SVK: 0.6097640438829447
ESP: 0.5746687532165602
SWE: 0.5591043236686811
CHE: 0.5858430306532393
TUR: 0.6808469144982185
GBR: 0.5109887856428599
CHL: 0.6136555538125911
EST: 0.5853165054309755
IDN: 0.7425593292154719
RUS: 0.6349275484984225
SVN: 0.6414858872829856
ZAF: 0.5822568801642931
EA: 0.5706384710482528
EU: 0.5755824055974191
ISR: 0.5123625265818736
LVA: 0.5867448492070552
LTU: 0.6571087575576164
